73 69 66 77 87 89 88 75
76 84 66 82 74 79 69 80
69 83 84 75 71 90 77 82
70 85 80 77 87 68 86 69
83 88 67 65 84 68 87 81
81 71 66 65 79 73 72 88
76 88 67 84 80 79 65 81
88 70 66 71 75 83 72 89
65 66 79 73 84 72 86 71
89 87 65 73 76 82 84 78
71 89 65 90 81 88 66 80
83 76 88 86 73 85 80 90
84 72 85 88 81 79 69 70
85 71 82 78 75 88 81 86
79 70 84 75 69 68 87 73
75 65 68 87 72 82 73 67
68 81 78 72 70 71 80 73
86 76 79 80 66 77 75 89
89 81 77 88 83 82 72 68
83 78 80 65 87 66 75 67
66 82 84 69 88 76 87 72
79 84 74 90 86 88 85 78
87 81 70 75 82 83 85 88
76 73 70 77 75 66 85 87
80 78 75 69 83 89 68 87
71 72 77 80 70 73 82 87
71 81 82 67 78 65 84 77
75 69 65 72 73 80 81 74
77 73 81 87 89 65 74 88
67 75 65 74 80 90 69 76
81 77 90 83 87 86 67 82
72 86 79 67 83 87 84 65
69 89 65 81 77 84 83 82
86 67 84 82 80 90 70 69
84 69 87 72 71 89 82 83
86 71 69 81 83 85 73 87
78 65 84 72 90 85 79 73
88 89 71 77 90 84 83 66
73 87 82 74 66 89 77 72
72 80 87 68 73 81 78 79
83 75 82 88 66 73 76 87
69 71 88 67 90 73 75 76
85 86 67 88 87 89 75 78
87 80 74 85 86 65 82 71
79 76 88 80 67 83 68 84
89 75 76 88 66 87 68 74
73 74 68 83 82 86 90 88
85 83 80 88 82 90 77 73
70 76 71 78 68 82 80 87
70 65 68 66 83 78 87 72
87 81 65 79 66 70 85 84
81 86 79 83 85 72 78 75
84 74 66 70 81 67 72 65
68 85 76 89 78 66 83 87
75 90 77 81 80 86 67 87
80 76 68 81 90 77 88 75
65 68 69 70 82 90 67 79
79 65 82 87 67 84 74 71
85 89 86 65 80 78 76 69
72 84 78 73 82 80 77 75
89 86 82 69 78 80 88 84
89 69 87 83 81 70 82 86
79 77 73 66 88 80 84 72
67 79 87 66 72 81 85 80
78 81 65 82 88 83 66 74
90 65 67 66 76 87 74 78
86 68 82 78 84 89 80 75
81 83 75 80 90 82 87 79
77 85 79 72 75 78 87 82
76 90 71 67 65 83 72 74
80 89 69 88 82 84 72 78
78 69 67 71 79 86 82 90
75 80 67 76 78 87 68 72
66 90 88 70 71 86 75 65
75 77 79 67 89 85 76 80
67 69 84 90 78 71 83 87
89 76 86 82 72 90 73 70
89 82 66 73 86 88 68 79
80 67 71 81 85 87 83 88
71 74 78 88 79 89 81 83
87 81 76 79 68 72 77 84
79 71 85 78 82 70 75 68
72 79 90 86 77 69 78 74
90 79 89 85 70 77 76 68
90 73 85 79 88 77 65 70
72 78 77 71 90 76 80 84
77 82 70 71 69 89 72 68
72 71 76 88 78 73 75 80
87 71 76 84 70 80 83 66
88 70 85 74 66 78 73 89
85 79 90 82 67 73 72 66
86 74 87 88 81 78 73 75 86 74 87 88 81 78 73 75 86 74 87 88 81 78 73 75 86 74 87 88 81 78 73 75 86 74 87 88 81 78 73 75 86 74 87 88 81 78 73 75 86 74 87 88 81 78 73 75
82 76 87 70 78 67 73 75
77 76 86 66 78 74 81 71
88 72 87 89 86 73 76 68
79 86 84 76 68 73 81 67
73 90 77 66 81 70 67 85
76 90 75 85 72 83 87 74
73 69 72 71 78 77 83 74
0 67 150 175 186 189 183 255
82 75 65 83 65 121 65
0 1 0 0 9 5 6 0 9